29
48
27
3
23
3
27
3
27
7
27
7
25
15
23
3
15
5
15
5
7
13
25
15
17
23
17
23
13
25
7
13
5
17
1
17
5
17
13
25
13
29
13
25
5
17
21
9
25
5
21
9
18
6
18
6
25
5
5
21
1
25
9
25
5
29
13
24
11
22
11
22
14
23
14
23
12
21
14
21
15
20
15
20
15
22
15
22
13
22
13
22
13
20
13
20
14
20
14
19
16
21
16
21
17
20
16
20
15
19
15
19
15
18
15
18
16
18
16
18
16
19
16
19
15
19
18
19
17
18
17
18
16
17
17
18
17
17
17
18
18
18
18
17
18
15
18
15
19
15
18
17
20
17
20
17
20
15
20
15
19
16
17
13
10
20
10
20
7
17
7
17
14
10
14
10
17
13
15
9
17
7
20
10
18
12
18
12
15
9
17
7
20
10
